-10.220750231973662
-19.299696454215375
0.2562179480682062
-1.3903775750910512
-0.5797888011204542
0.7486037465396966
-19.164836072112724
-2.7221530380617605
0.2560717811951134
-0.9323948103072577
-3.3024699400068487
-9.354604425727134
-11.516726947907264
-1.1863089668642806
0.7010590251643501
-1.8390639014356518
0.9921315710514861
-3.192226720512979
-2.715909127175609
-1.6291066674643577
-1.4398591003768488
0.9489088917619373
-11.063089703658175
-3.130587622294965
-9.884896391138563
0.9301026482497337
-7.220666695417425
0.304087035628299
-1.5271705962588764
0.4819362283128632
-4.062116105940763
-11.815792171163675
0.9948898796145995
0.936073660469133
-0.6966074011017578
-2.127873399995042
-2.090847204129361
-3.3984941045560113
-7.059162704795032
-15.114082863595463
-7.386695532413379
-1.5324052649916733
-10.626454118500977
-12.911147711522107
-1.8563012292451964
0.902800560734222
-4.488459492050408
-9.71827250739168
0.6347312728485156
-11.247652325512135
0.9476288651790323
-1.2000284684590277
0.9442457057148129
0.11805851828851655
-3.5554007525413995
-10.882237772437003
0.25200558401694073
-2.63598455050705
-2.9450514733011373
-1.0537236001302919
0.4663034117528708
-12.531375559177476
-8.568831302066995
0.9979310020019166
-0.9622987343913065
-0.447986950171839
-5.842631255524245
-1.3354888481235476
-1.22314261037328
-4.971541309938745
-9.082240852191939
0.504938460027762
-6.610622241061592
-7.002901121091158
-8.40458913521199
-2.1824012863979294
-0.8276495778143989
0.11313371262093541
-6.945092976899785
0.9988781116791046
-3.6477335655574894
-3.506510144784097
-4.937730820146683
-1.5527889368525418
-0.537986305877376
0.8734304745476679
-19.05638751120582
-4.715653030438842
0.22650264104137774
-29.99473218919844
0.9650093177923117
-17.463002794241813
-1.233865070782858
0.6775719351839083
-26.240302117015357
0.9995208889471798
0.920634999246178
0.35917458256769086
-1.6324605133892218
-2.38170834786768
-2.73186227127729
-13.899689335042597
-1.125356255515288
-4.185475148292927
0.8215549399536823
-0.3184484798751255
-29.907320023532886
-3.2651469605616006
-0.3327927781819442
-9.863920434812238
-17.1049639225978
-2.290077787529084
0.4663601685056088
-2.4597874930288173
-1.8148200586920815
-12.254489820104673
-4.422806656338281
0.9968353052118369
0.29075249959811444
0.4335336688102882
-10.40362574231707
-8.64361073807679
0.733454043613867
-3.0212343837273075
-18.70012435019475
-8.772516167965264
0.7076815879218574
-1.624451496397684
0.17733083367751
-1.7810259119142886
0.3274267608442286
-19.074458375623436
0.19850436347537148
-0.6142140069415059
0.9048547165812089
-1.3726096808296586
0.9919431986556537
-8.054716287324535
0.9531223504812191
0.662360486321502
0.45626537193837813
-4.665305270349819
0.22072090747020856
-7.078008944710589
-1.9419223606549147
0.33145487279665997
0.922128186251066
-1.0960302005511142
0.9994800468155849
0.7574288534224528
-9.743515108943889
-0.780381197555547
-17.368025273592437
-3.1585795489517094
-6.955973521336097
0.5172759291074254
-2.4544143577699926
-2.011354400645039
-0.9162522071620054
0.5861449828836911
0.21613220794416277
-2.208416896416406
-1.3834810003854816
0.9999962028335132
-7.677986501837079
-0.26859884460761707
0.16670988030359835
-6.621467923385257
-11.13366527239007
-11.015232752665598
0.6733188682509909
-3.1988095581684197
0.2532482155737493
0.9991027124666686
-35.79562392363224
-0.9295422090723113
-5.249109580188984
-1.547325606426054
0.6869076030286192
-3.06985957125391
0.23840951561054435
-4.749571350003022
-2.3699810171906
0.9973676467144489
-0.11120185813347772
-9.616893815414713
-6.813950508120138
-4.302914807815347
-0.2724566430426618
-0.9314630129066421
0.9834808800837053
-3.969396268088545
-0.3610133816270309
-4.493623916885301
-2.031133410008631
-0.3398897742784266
-0.532665498082888
-2.7916999726346363
-3.640538391667924
-1.1257053039536227
-2.9326119239564745
-4.685229934723183
-5.083987013869613
-0.44273784740143163
-1.5430056827305174
-9.084180247176924
-1.2005795027900126
0.8398474922490069
-1.2839938347145443
-5.153678410173519
-0.7367135431769023
0.21615434843857562
-13.05357765370914
0.8294212961399469
-4.027143944360951
0.18713067719900467
0.550598958759076
0.9559487425196269
-18.603770998583382
0.99944447897205
-3.546692006989323
0.4746299109957455
-0.13365179654461712
0.7975138617976194
-5.3265933136289565
-0.5827909541076479
0.1504192177974606
-0.8665295379109483
-1.1731690741627334
0.6416195985795008
-11.45527215997531
0.7199242348343796
-2.464927024373284
-1.388139602367525
-8.764596604290631
-4.27855926903741
-8.905292441035455
0.6283067577346657
0.15804265664257866
-1.9525666564061428
0.9979761462360878
0.9961610945384222
0.5834273490476765
-0.8459434366271898
-1.2124200745213196
-3.8598843236998484
-1.5631839842299078
0.8183234791172704
-3.132195998427953
0.997537088849456
-1.3528122899299269
-4.08173813364825
0.37306671810763115
0.9351046335565674
-22.371053903786265
0.6880987907888508
-2.5496027186719568
0.7507002401396091
-0.03350990876701099
-2.271272909162237
0.4974264943273148
-4.5021135369621295
0.5367020499597872
-1.0323674292819245
-18.679948117558542
-3.984154648895255
-4.1743287264661255
-17.170819879386293
-10.112762045766404
-4.621040380531972
-13.162521256350315
-1.4651609237379062
-7.541813317000239
0.32756634117827776
-0.9700940730296288
0.3329156590490593
0.8477752412333397
-7.378797209752488
0.8897569191903744
-11.226643681306765
0.7449514572511171
0.7779334658951226
-11.41216783614512
-11.632073245023124
-3.7482928904920323
-2.0370803079012356
-21.971761458308016
0.9558403473693833
-6.064120586305832
-9.298309320272384
-0.10526725613092136
0.9253341501683354
0.29281045963997065
-8.695742002050995
-1.5688077174336863
-1.6329010258618735
-17.480423696969076
-12.971853346971033
-4.941799348111065
-2.213899561991154
0.8415029485575596
0.06183867967481871
0.9845350351677341
-1.638484705911543
-6.858865820600344
-4.282028972606182
0.9984710862209867
-0.45259412370337215
-28.76140493075782
-16.9389875127091
0.9233066055425121
-13.84288269782045
-9.528030792004673
-24.057138016948194
-1.0248574203889285
0.9881158484268181
0.3741918778979326
-19.303948180480216
0.8139775162097023
-2.467157484596026
-11.798458154352376
0.2556790124037702
-32.54852053526962
-35.999611757739366
-9.307285530273628
-13.612996370715354
0.9905201268189834
0.48180671653405593
0.9457854555575036
-0.38000329783612097
-11.699417450803207
0.9738186153331708
0.9997913053684822
-8.114684001848328
-0.5650944036827696
0.3297870094087655
-1.6500479866453257
-4.073388454792883
0.5293144817824441
0.5148081713154992
0.8802729262855382
0.9709934791373155
0.5078358422747831
-8.680441229290134
-0.8396904341938749
-13.286765504964585
-24.262744976090772
-2.3616369201991736
-8.296899850979209
0.8341407351650644
-1.1893201956281283
0.4413530232702504
0.9903405660793801
0.9317252697406859
-1.2290476766018479
-2.842024516277286
-4.672487025871207
0.9989260753697651
-4.08593486500417
0.8985947431114047
-0.07396029182531505
-14.36067125997751
0.7182241106478271
-7.001390647040656
-10.077584461960372
0.7569698952934585
-3.531960592449048
0.9921861951260301
0.9888837503667313
-22.78788467661501
0.9801879322115169
0.9024646035121218
-1.2114071348479802
-0.6560061789179579
-0.4026389998009221
-0.6884061818883143
0.28502709107552726
0.025388907860952825
-0.6776642284006544
-2.0064443599807205
0.77406089288732
-0.21289439902202378
-2.0300558296110807
-1.228864734939914
-0.046345382960625514
-1.452852016101283
-9.20853483242107
0.8451755841336319
-11.146699454858407
-6.884753826459469
-16.05236479968937
0.4437152820066247
0.9634195826932821
-1.5288873679172577
-0.7244235494321596
-1.7960164878549398
-8.473072613741758
-1.2980377113948949
0.8535129898072057
0.6803812295629912
-4.319385447913704
-11.96689125481668
0.7874790037320487
0.6506449211831623
-6.176600251263312
0.6198689282407779
-34.40439496386119
-4.157819618560278
-32.75326714471946
-1.1381922194694298
-2.727754643284205
-0.8465582491560115
0.5458361718577696
-5.245788989865522
-0.5739562951015218
-6.03183709941799
0.7795569335802525
0.9424088719622195
0.9975158248319471
-10.498546614692675
-1.8382682698301647
-3.436055843928404
0.15887360541678797
0.9950695071130677
-2.658617147627699
0.9100731143575099
0.9979946453204751
-2.064326921899782
0.01330302879101497
-4.987861185800711
0.71758009462624
-12.142532949007844
-13.840010000429194
0.8595370762709315
-15.215989877599842
0.80359417478374
-1.2718386045177539
-22.433272721007622
-1.2088787643968741
-3.481774314150246
0.7660006313017387
-1.4768122486189488
0.19578862990991364
-9.546633499237661
0.8812502037278174
-3.3803883001292725
-0.2417362564940646
-7.140692186112226
-6.108900765790552
-0.6973203641850689
-0.3700360123270183
0.9520524479447248
-1.4654390352923832
-4.692686504494837
-0.8640158402891283
-12.265864701858124
0.9279955393041786
0.9917347491532289
-0.1767222024280093
-3.4011019225034262
-1.400114337595681
-10.067078393684657
0.9979449265672509
0.010174893238576677
-2.05285060256814
0.8593186102394395
-16.983259223800143
0.9388401558562848
-7.60179097351117
-1.8877901682283391
0.9128829108510584
-1.1946122828571308
-7.54500437367507
0.07502183058318213
-1.1767570553427844
0.3763612856414067
-0.773425363798951
0.8608294804667764
-4.261640454731095
-7.014732980454616
-0.5844378297401673
-16.267987878394088
-1.1528631939226366
-3.4678831423223606
-1.8225299578302305
0.8657760181110972
-18.658101879951907
-0.17746836363093155
-6.018343479795823
0.7475117847884821
-0.3468305587412468
-0.040068400100366386
-1.5743317092329403
-7.133292927260841
0.8952560861221754
0.9680326173480713
0.8548473043969372
0.9957739770408985
-2.2427812998888266
-2.260971803771934
0.7765199103027048
-15.077675857927744
-7.37426628131341
0.9999551049286183
-6.695190163432582
0.6534283918475738
0.7484322725986667
-1.3511890453221902
-0.14284575497712115
0.6848345885816394
0.8488167200404456
-4.585046391284721
-0.6020846378328044
0.847844259963923
-0.5668691054738817
0.9994098231000467
-0.15778398837666718
-0.6203167027756404
0.454046501980482
-0.18171284445608338
0.998562387971639
0.47117529421600857
-3.231770571528938
-16.5293582348757
-1.297436837911913
0.9248304565139802
-12.690836011268244
-1.8259527858380764
-2.1287782387401544
-14.783837403982304
-0.004334968891237745
0.9998689062115399
0.9779947010423663
0.8100073069594642
0.7154158029951727
-6.745622060595284
0.6076406317091673
-0.746401714249727
0.5961630197701036
0.6762524550229951
-4.692484935005221
-22.07671852257358
-1.0704649490468099
0.9324148783633874
-23.308635783376637
0.9810702854139002
0.49244179191168924
-5.057927101216233
-1.786677344572444
-9.062207065169847
0.7366899373250759
-3.0649409739247497
-2.3187265962948715
0.7543789943389342
-5.2212044050670015
-5.413245055841541
0.5826867373135043
0.9892336472434148
-3.4782246269065533
-5.981781672996908
0.9528993565501755
0.3551477379975674
0.8495121708993656
0.9536515160663532
0.9988611771360488
-0.8803778873579735
0.3341920778327696
-9.639993953565451
0.7955230368430446
-23.747498152633298
-7.145092194867688
0.17925446796120525
-5.473354118043941
0.8413797664710885
-8.4713050631751
0.9739468109146389
0.5847694444726234
-4.939142517367612
0.41709824722581534
-0.1801203449288553
-2.0501015695873006
0.30148217613823847
-0.14823344151698947
-0.0829054675959795
0.6208812285969689
-1.4731391339082691
0.9919710556552496
-0.9506565262686624
-5.134456123519637
-11.136453556396704
-0.10671424016986908
-0.35032768524532365
-12.971406470032385
-6.7604501405819075
0.8016432701789864
-3.9505625464326455
0.9950189994431676
-0.6430419278167481
-6.16115246238362
0.577359209292758
-1.5228742128975656
-6.860469515339972
-2.7272362569752193
0.997869578524347
0.08613598340422124
-11.853469411311247
-3.1470528152361954
-3.1612923012555454
-16.26449272193503
-0.9101777616253035
-3.7449148578183493
0.9186571557819787
0.4315195846345129
-5.302560516430969
-0.24804216519957056
-3.0843122163704884
-0.2650675782785794
-26.390936783597258
-14.840626995797226
0.8177596395776188
0.9999974669130541
-12.922421202442825
0.8945879951835274
-1.4177443663573754
0.11325396507317431
-8.049724096501144
-8.761209190686618
0.9872283675211624
-1.2609607107275984
-0.176393369198097
0.5895814760012736
0.9070848912584479
0.43191787939053883
-1.2786338675339857
0.8959796404979027
-1.8666312810803083
-7.07530353863751
-0.22836113350361908
0.8324962501151586
0.9856983614765034
-10.020555858683815
-9.101595529705104
-2.782514919622816
-14.31793594867234
0.9977133010391019
0.9999888689241233
-27.403314272410014
0.8498680458082837
-0.6362345462725658
-5.976494151712693
-14.723570702507143
-7.414958660602064
-7.51236342603384
-6.330349828020145
-8.830990880589074
-0.3217598782395199
-2.9885326657340188
0.5679339818294115
-3.8087880977317266
-6.415719205560219
-12.193340046940598
0.9832883995848071
-16.056453356781414
0.4183279124377778
0.6281133375824259
0.7238863423804155
0.6226156594918548
-6.308191059169541
-9.992524619096656
-1.8024472673242284
-12.866513781764926
-18.93381605714155
0.9997985730973609
-17.134772282740347
0.6020464214866497
0.4134677014852559
-5.137845429868386
0.17163821516930555
-9.165597176339968
0.619075718660396
-2.066965145269239
0.6208291627294805
-3.4768235079089704
-0.1420824710631876
0.5918595553228883
-0.23481235170465897
-2.4956275902610807
-4.7507368246447506
-1.7853618567358036
-0.721178795315212
-1.5664058460946482
-0.21920671700415606
0.8319571817857728
-4.233858880732884
-0.8284805209175048
-7.339948454937497
-4.0792351149001185
0.180834217119213
-2.5476114497499367
-0.21785139127593656
0.9869364816026239
-8.564349430270747
-0.2293487237843823
-1.4395039248057118
0.5435936405016897
-15.687213753936494
0.5382446076799203
0.8043086036304231
-0.20410091028724864
-7.1957590248177485
-1.1930218414006069
0.460411835791398
-3.434001044387747
-3.8084252607818527
-8.382444157459286
0.9389150054855447
-3.2361064883339585
-31.319749148491944
0.9665491484335045
-4.919006089870833
-5.899409462176408
-5.445964458137531
-6.532544296468689
-25.004911393447344
0.15611431018109434
-27.933936185558174
-6.199137553165099
-0.17409851655622877
0.057143787140442326
-0.4284155739696338
0.02988984919788451
0.5590348778762557
0.4523977349042885
0.40566032481489356
-1.590956643552587
-1.24826948835168
-9.197360547479953
-22.228532187949767
-1.0254339104860608
0.9995603047522481
-28.2965681923313
-8.923760361663165
0.7146940696517718
-6.844536543194046
0.9735207090611586
-2.0864246555162156
-18.14539372006483
-2.903174234601354
-2.036777908028716
-2.1048167570667506
0.4021049483341347
-22.088968700691144
-4.824641419318258
0.9207117449480532
0.6317865846509013
0.7420948849984679
-0.30338798365598696
-4.7894060587019265
-2.893550056617026
-1.1203575035594726
0.3157810889491134
-2.2960681927089346
0.5144566710285455
-0.8498537769275714
0.876253507360609
-6.379867722546557
-7.156235584510899
-0.6880683612445364
0.7606196771396394
-15.669511359372532
-7.895160905898738
0.3402101240951241
-19.76802629546222
-0.31557121215608697
-0.2650202342215431
-3.747016263092993
-7.292838895862214
-4.389301439985904
-0.956007147266551
0.3870612701385657
-3.3427474581748546
-1.2289518584456096
-3.4858437524279804
-0.34503733727083774
-6.45913318824777
0.9996428185773479
-2.1667590858893195
0.6912421805221649
0.9980872913720467
-3.3365680524156573
-1.3396773082772442
-15.231866090196789
0.9933822892241724
-3.68930069992184
0.051731452934259514
0.9611119975939233
0.9441632724836304
0.9236190890916932
-5.465008601039305
-4.976770894144009
-6.036324738623715
0.3853082107621435
-1.2287935449105198
0.9416442414096252
-0.38094095513303783
-6.617716203470338
-5.227256174037846
-0.7797467883878146
0.618578872270688
0.8919335341258632
-24.85684399797927
-9.94841263319302
0.8031886905434291
0.813041795032747
0.38884641406001497
0.19884159338664453
0.296254914885242
0.9855763616656367
-20.69571769675234
-3.824626509523923
-2.402021778361624
-0.336882164122446
0.4738543019210242
0.7778195544078683
-17.769089820854177
-18.447933280526822
0.9827644194780946
-8.54114600974853
-6.884070545077126
-5.842885077488713
-1.924541704587495
-0.5695821317796437
0.8247947361947586
0.9594684386776025
0.6889921762998192
0.25917595362934454
-5.382075240273157
-6.057902490577794
-1.2610480972050166
0.09915635311909687
-0.7786236574079026
0.9454150744174896
0.9661654998615232
-8.212199419696095
0.9933384823803181
-1.462932277313406
-1.086221612602018
-4.392597091563422
-2.652758248003142
-3.6326921540350297
-3.8094756260581306
-6.950904701939722
-3.8596317526146073
-2.095457736305613
-4.597903946058384
-1.0498489804336018
-4.498064259408212
-0.838349840304496
0.7825432335187766
0.300941847120619
-0.23367233177968294
-6.941954765707956
0.5056282051416554
-12.712664867305557
-1.486836202807761
0.1701394016023372
-5.950039512750999
-5.500603744326963
-0.39745262553304306
0.9708781642913196
0.5867227040266241
0.4322184401538691
0.8344105539125051
0.9106413667669336
-7.629436373975336
-2.7231805408390968
-0.5375571105301775
-2.1574900664565835
-2.1008043662065496
-9.128807230463075
-3.60666836804132
-1.1187941513004076
0.7246774259630671
-5.642805034732781
0.7135647904324163
-10.653923417565043
-3.4660539065505986
-8.40081854945787
-25.658922350003408
0.9950692754909729
-15.437608087683323
-0.9922753839788487
-0.5205579349760967
-11.013691895634045
-0.02671850820926025
0.8305174954558228
0.9886249395061557
-11.788636366598727
0.9709865959332248
0.2418902511369727
0.07044891093641048
-1.2934187267901938
-1.3291635082165558
0.9131658161846946
-6.584109089002054
0.8824789132259054
-7.876444292357508
-0.23207722292365385
-24.393094695939745
-5.702129431926914
-0.9729987132142983
-2.183601022999005
0.16695621784439352
-10.554686143708482
-2.9798102874286405
-2.0502013006004187
-13.386027280154902
0.5141331504122771
-15.288915592802333
-10.13071409067738
-14.866438491045209
-0.034389074788708784
0.7718759729049289
-6.308333564988202
-14.04941275129868
-1.7867037745043923
-1.120695335768095
-3.6991645528578045
0.6575293329224106
0.9874986573495017
-18.228125507347638
-2.786134003508324
0.5233237024847796
-9.074252141374823
-0.20268883019138784
-15.15909709942985
-19.52440603794399
-16.16253084192745
-4.403218121816062
-3.3643211924564316
0.5521960107732645
-6.318669039238673
0.9597371829075787
-0.1070177801358545
0.9452784368910798
0.9992669683401623
0.10349193949863256
-34.08623880838443
0.045122194865470866
-11.608828079120782
-3.031833636166348
-9.354281897673417
-6.091789951584512
0.9795113621194769
-7.122376298713874
0.5544689018044378
-17.187150759102067
-2.500479274679832
-3.371893690989422
-6.759671347883276
0.30938987951316244
-6.223432694988845
0.7868008700862416
-0.6783387953324884
-8.996329580516516
-0.009400492182564113
-19.169313969188156
0.7632317644122835
-4.1241647876797005
-6.326892641064151
-2.39610303323949
0.9216543717538919
0.8436489444648338
-5.446823556425017
0.5547520899989584
-9.348960959923302
0.9978710387710386
-5.7555343250234205
-5.020009644412761
-5.625747014133001
-0.5166356934848628
-1.5663442638905765
-2.40161651258557
-2.3970689892510224
0.8127094511672222
-0.7289599331223648
-19.650454150245608
-8.886422705798125
0.7913489539815801
-0.9294777086659405
-6.609898272742103
-1.2670555355615436
-5.984619258527238
-16.52970877020455
-0.46943484919569856
-1.2550276039513921
-0.46961386312556463
-17.36138423372589
-3.914190991823147
-0.7697521429798735
